time,x,y,z,phi,theta,psi,x_velocity,y_velocity,z_velocity,phi_velocity,theta_velocity,psi_velocity,rotor_speed1,rotor_speed2,rotor_speed3,rotor_speed4
0.06,-2.38830702433e-07,1.28677005769e-07,9.99973314434,0.000161377219912,0.00027044642365,0.0,-2.06515510242e-05,1.16311586559e-05,-0.00889521243221,0.00758882767499,0.0122678542469,0.0,400.52330634082165,401.6373171309519,400.306343742802,400.9961946962487
0.12000000000000001,-1.04546067339e-05,6.24762726592e-06,10.0038391228,0.000535408489424,0.000744285722003,0.0,-0.000388540791555,0.000238154273205,0.145753382851,0.00337668432067,-0.00271308191044,0.0,453.8327780547317,452.62896365886536,454.7513815817874,454.4138723027196
0.18,-4.85788908317e-05,3.22878713674e-05,10.0155474151,0.000636074080966,0.000678779773376,0.0,-0.000870819380265,0.000645526394195,0.24450634743,-0.00195747178021,0.00196847562073,0.0,436.60836680849997,436.99873527164664,436.49336012704094,436.04802686229505
0.23999999999999996,-0.000117301173617,8.56133944288e-05,10.0357939421,0.00079017163016,0.000975856750463,0.0,-0.0014443699192,0.00113550875016,0.430325687179,0.0103567441205,0.0103340072284,0.0,463.21176891124975,463.86897147021466,462.8088320770189,463.776847503639
0.3,-0.000227283190144,0.000173587902787,10.06540086,0.000876936777491,0.00148534277603,0.0,-0.0022817384019,0.00184867990876,0.556517884472,-0.0298425437149,0.00452501552998,0.0,445.97983986360816,445.50507842461604,446.59481041319464,443.3043332622573
0.36000000000000004,-0.00039791821003,0.000296356873163,10.1030351409,6.28206600726,0.00186182384701,0.0,-0.00344124045123,0.00204000469124,0.697881967993,-0.0412001404904,0.00956266676973,0.0,450.01551199106865,450.4229412172541,450.59331074714896,449.6738924788278
0.4200000000000001,-0.000642388477395,0.000389381924337,10.1463504053,6.2802143022,0.00281919421617,0.0,-0.00478213556813,0.000862124092212,0.745929204726,-0.0156349280979,0.0263845369561,0.0,420.3496090606817,421.8045791435168,419.02745589735525,421.24318445624345
0.48000000000000015,-0.000982952941006,0.000387063436423,10.1906876491,6.27948003749,0.00436904483598,0.0,-0.0067034253175,-0.00100998842629,0.731987395679,-0.00618734662382,0.0246999713607,0.0,399.67998741763665,399.52665771907743,399.36684770369084,400.2276243314402
0.5400000000000001,-0.00149060216685,0.00024087549895,10.2396502146,6.27867569302,0.00544747344388,0.0,-0.0103673028345,-0.00392085728118,0.899979639301,-0.034541172133,-0.000968069933761,0.0,460.1954372839277,458.1594115820495,459.02539713630654,456.77014103566063
0.6000000000000002,-0.00224014973547,-0.000108580462992,10.2994429106,6.27702056681,0.00539346515682,0.0,-0.0146102415118,-0.00793946208885,1.09294449141,-0.0164141293052,-0.000764607584251,0.0,466.407520179067,466.42342860525395,465.48450022405444,466.90049887382736
0.6600000000000003,-0.00324362954921,-0.000734447978746,10.3708997224,6.27585912334,0.00545216735223,0.0,-0.0188390066111,-0.0130453007482,1.28874822767,-0.0260108923216,0.00425466987204,0.0,466.5916410632583,466.98326708600274,468.6105014803991,467.8640534873863
0.7200000000000003,-0.00448039182131,-0.0016634037261,10.4498694032,6.27492153286,0.00597135265381,0.0,-0.0224241162342,-0.0180332320309,1.34351030204,-0.000347352403652,0.0162508218224,0.0,423.9243847036307,424.9537307144891,422.43859954618983,424.64557876564584
0.7800000000000004,-0.00595186736728,-0.00291350115979,10.5332520344,6.27552816805,0.00725598840794,0.0,-0.0267399634004,-0.0236006365958,1.43579857334,0.025471607734,0.0301251299654,0.0,436.12981021345826,437.28699845374,434.73096773364074,436.88875287118157
0.8400000000000004,-0.00771328676909,-0.0044817727323,10.6223773593,6.27697593274,0.00939783008052,0.0,-0.0321760841927,-0.0285224379706,1.53491690439,0.0213003678476,0.0449966201561,0.0,438.1143258886752,439.3495205881972,438.7970723030453,438.45077414501094
0.9000000000000005,-0.00988146610948,-0.00633585421376,10.7207719626,6.27855725702,0.0124587678716,0.0,-0.0404366548468,-0.0331077028574,1.74460445148,0.0349187603539,0.0609334018869,0.0,471.9299693084965,473.1598219493692,472.32267840304934,473.3718044980298
0.9600000000000005,-0.0125943574147,-0.0084145765874,10.8296161406,6.2809353075,0.0157597523808,0.0,-0.0503691047448,-0.0359397886001,1.88331215851,0.0477012280109,0.0392811498329,0.0,453.06123523420075,451.31902699344164,451.2544773566764,452.285821315285
1.0200000000000005,-0.0159622024005,-0.0106077096802,10.9462397666,0.000443328041833,0.0188049751102,0.0,-0.0621796584807,-0.0368718781324,2.00393362797,0.0385711340852,0.0671979430217,0.0,446.2476319135312,448.52201645107726,446.705137524831,445.96118588692434
1.0800000000000005,-0.0200824752784,-0.0128021768197,11.0687360773,0.00322566521095,0.022821399318,0.0,-0.0755558405071,-0.0360233872409,2.07913408505,0.0586205759374,0.0664205505904,0.0,433.2613109389385,433.19942403988375,431.81902265889386,433.5082184956661
1.1400000000000006,-0.0250966839185,-0.0148846420827,11.1962246464,0.00663926716773,0.0269774213188,0.0,-0.0919908948984,-0.0330437617052,2.17030403841,0.0531951532072,0.0744234771674,0.0,437.8254321667589,438.4944277592887,438.7956006338352,438.3472584378497
1.2000000000000006,-0.0312541169919,-0.016701594651,11.3317237819,0.00953120360844,0.0310872225145,0.0,-0.113737085089,-0.0271768088653,2.34597246113,0.0356430267654,0.0527279043869,0.0,465.864177065342,464.1679443210592,465.30109295297063,463.9263002525826
1.2600000000000007,-0.038901644985,-0.0180743738015,11.4808095767,0.0116366384631,0.0339855220718,0.0,-0.141552769234,-0.018316562834,2.6229441123,0.0339623896958,0.0375402500123,0.0,495.2779267438046,494.1608314312479,495.27147044275756,495.1482423115864
1.3200000000000007,-0.0481669878728,-0.0189037375623,11.6429540933,0.0131709632007,0.0364217523856,0.0,-0.167539476661,-0.00912396730073,2.78148719135,-0.00195903970316,0.0461165595705,0.0,461.6046481167552,462.28170721049054,462.8497617189886,460.014171216941
1.3800000000000008,-0.05905848006,-0.0191520072202,11.8148848633,0.0135979060095,0.0392928844965,0.0,-0.195811025361,0.000864929280881,2.94910611443,0.0209082663281,0.0511142460205,0.0,464.6693777369839,465.0622689194105,464.6821975666536,466.47125877437526
1.4400000000000008,-0.0716101873094,-0.0188210639257,11.994302279,0.015421267312,0.0421077760682,0.0,-0.222864880558,0.0103209114573,3.03124244915,0.0446511998522,0.0368153187302,0.0,440.57203176970665,439.3894989976218,438.585741320144,440.55361047116327
1.5000000000000009,-0.0857849217421,-0.0179014279515,12.1773806827,0.0183014930399,0.0441330401338,0.0,-0.249820243629,0.020591223156,3.07124771881,0.0539813660828,0.0267976798001,0.0,427.2956960115728,426.441329255119,426.1425732616742,426.94088403888276
1.560000000000001,-0.101938683432,-0.0161706123332,12.3701761095,0.0219237570206,0.0455004271405,0.0,-0.288798279848,0.0375331775249,3.35445708302,0.0707909624388,0.0132440226894,0.0,500.5180053546823,499.53060038164455,499.8436517255538,501.06925300633407
1.620000000000001,-0.120260990001,-0.0134248225843,12.5755324521,0.0259223238935,0.0462571470086,0.0,-0.322011178387,0.0544277752084,3.4903297099,0.0566953422539,0.011317025515,0.0,459.676449261965,459.5235897761733,458.85459589074884,457.7373136102571
1.680000000000001,-0.140442853937,-0.00966728940655,12.7858188357,0.0292015515819,0.046838780122,0.0,-0.350772822791,0.0711266273611,3.51911165593,0.0502233527729,0.00623211952088,0.0,426.6125823767977,426.1780412767137,425.9325943293697,425.3808386093217
1.740000000000001,-0.162389201626,-0.00483021025746,12.9984394997,0.0322102241823,0.0472211121377,0.0,-0.380802455357,0.0903890063595,3.56807560301,0.049986513277,0.00665090989971,0.0,432.83036297964827,432.8655051726993,432.8121386072347,432.79386145032095
1.8000000000000012,-0.186070044361,0.00116792743877,13.2124008686,0.0353073614245,0.0480365252311,0.0,-0.408616506644,0.109813218501,3.56396499397,0.0546977097679,0.024741346191,0.0,414.9367759147964,416.52190487026166,415.47364603206364,415.8884326979966
1.8600000000000012,-0.211557541259,0.00847577418492,13.4285931964,0.0386068695325,0.0494264739035,0.0,-0.441098883356,0.134097260763,3.64217211744,0.0555733641936,0.0198126810793,0.0,443.26674930403703,442.8615646188145,442.0098645030379,442.08407255676224
1.9200000000000013,-0.238941578851,0.0172449434787,13.6478715811,0.0427411419184,0.0506096205066,0.0,-0.471808494447,0.158551606947,3.666999511,0.087213747649,0.0195313243493,0.0,425.5573941194355,425.533292215993,425.0041432965166,427.71111099690893
1.9800000000000013,-0.26836116161,0.027709721811,13.8719885336,0.0481576324643,0.0516286727401,0.0,-0.508942379362,0.190826085544,3.80307860467,0.0957812991565,0.0113297025715,0.0,462.1357816766107,461.4887342127278,460.4319145863251,461.1157372749791
2.0400000000000014,-0.300050136476,0.0402496426259,14.104644877,0.0541334455768,0.0527956619371,0.0,-0.547438227167,0.227786139563,3.95157871403,0.106300424673,0.032095612874,0.0,464.99168469716227,466.6156638610683,465.87997306249315,466.7097538505524
2.1000000000000014,-0.333907552146,0.0549614055323,14.3429483797,0.060409007632,0.055552595911,0.0,-0.58136361244,0.263185925846,3.99166981681,0.100940884318,0.0647585602897,0.0,432.6985855455826,435.4410095817243,433.06253917528375,432.62131018913186
2.1600000000000015,-0.369799051005,0.071848861966,14.5825866337,0.0661566249988,0.0590600941507,0.0,-0.615349755673,0.300246754457,3.99618445607,0.0827509982246,0.0412646222765,0.0,422.5430812567521,420.51511033030414,423.7586307459281,422.20016242168634
2.2200000000000015,-0.407949802859,0.0912405824849,14.8251914819,0.07149659031,0.0615360771445,0.0,-0.656575373302,0.346641725824,4.09023635015,0.0992266144283,0.0412699040943,0.0,450.1584066844645,450.159711557158,451.57928956565075,452.9127850869394
2.2800000000000016,-0.448689651575,0.113603500007,15.0744551845,0.0769213059594,0.0636314353505,0.0,-0.701641391735,0.399368447472,4.21799977349,0.0599347098018,0.0175378715388,0.0,464.4553778838446,462.59064740283577,462.86906019270805,459.77219766324566
2.3400000000000016,-0.492097841539,0.139145811338,15.3301871218,0.0815327711667,0.0643417865632,0.0,-0.74537346998,0.452436199991,4.30600145283,0.0983755130613,-0.00311146660637,0.0,451.1040639910226,449.4332871568055,450.8202208491582,453.9200307567762
2.4000000000000017,-0.537997690571,0.16778804316,15.5889602874,0.0870889715814,0.064754177266,0.0,-0.784638135836,0.502811495063,4.31964644354,0.077404113054,0.0217092348962,0.0,426.6654003655099,428.77943028728134,429.99691840786596,428.22386135676936
2.4600000000000017,-0.586369728979,0.199686924138,15.8501075185,0.0912162955978,0.0654664780828,0.0,-0.827871439085,0.560893096565,4.38492977735,0.0397630601069,-0.0306466243701,0.0,447.5197552139491,443.2372394413991,446.79663379870414,443.72009202429325
2.520000000000002,-0.637493893151,0.235358082382,16.1175072939,0.0936853503348,0.0645384219167,0.0,-0.876099046592,0.628351784111,4.52778745259,0.043790711342,0.00455971647628,0.0,468.3690657548197,471.09946122607033,469.764251203916,470.0772817734248
2.580000000000002,-0.69105048373,0.274477316022,16.3865505816,0.0960709397634,0.0647350513811,0.0,-0.909167637292,0.675836068652,4.44061942296,0.0301498263525,0.000579894612126,0.0,396.72467127887137,396.35896443441635,396.8726903213152,395.61949244317077
2.640000000000002,-0.746874589902,0.316892973711,16.6546484272,0.0975659487956,0.0646109389968,0.0,-0.951625433112,0.738149757232,4.49570689143,0.011578017456,-0.00797582639606,0.0,443.60747525168716,442.90432939532303,444.3838323034801,442.85878596850773
2.700000000000002,-0.805285628552,0.363133995535,16.9266901783,0.0979681908777,0.0637644260017,0.0,-0.995336809122,0.803234083779,4.57200906303,-0.00546492347372,-0.0306623042902,0.0,452.026300256364,450.1942449398874,450.92747432807886,449.54837395231647
2.760000000000002,-0.8659342307,0.412720353348,17.1975814223,0.0978256782085,0.0621217219225,0.0,-1.026201509,0.849663275318,4.45814463385,0.00318156056345,-0.0215096646621,0.0,386.7885330413457,387.6493664127997,387.37022989368575,388.18263577031325
2.820000000000002,-0.928981616037,0.465983507361,17.4707409674,0.0982479550734,0.0607343733483,0.0,-1.07518725979,0.925724915441,4.64638604366,0.0138096932768,-0.0265603148853,0.0,484.7602709946919,484.3805622405465,483.3958099516955,484.1960109957578
2.880000000000002,-0.994402340489,0.522952496259,17.7463993227,0.098713004079,0.0593561668153,0.0,-1.10543507995,0.973320598827,4.54262923225,-0.00852397477257,-0.0166147790089,0.0,391.25153999773266,392.1764236364861,393.3233355608553,391.2490895568507
2.940000000000002,-1.06183116626,0.58312600742,18.0193466254,0.0984240822477,0.0580209048374,0.0,-1.14210017715,1.03240805153,4.5555442557,0.0017265611428,-0.0369923266471,0.0,432.6839234591795,430.9646395059599,429.76874133701295,430.63688326606996
3.000000000000002,-1.13153979474,0.647018652752,18.2948875545,0.0988299491556,0.0555303478588,0.0,-1.18128815838,1.09732885634,4.62883803243,0.0153042890986,-0.0525598341773,0.0,450.0884583556627,448.8256616705222,450.901685988903,451.99729067128686
3.0600000000000023,-1.20332348433,0.714407851286,18.5707296647,0.0998731804025,0.0523613747335,0.0,-1.21128515833,1.14906571422,4.56614506102,0.0212573944985,-0.0533337820858,0.0,406.6339033597994,406.56244930438766,406.02745625098964,406.5612269592583
3.1200000000000023,-1.27710868012,0.78539705793,18.8475751411,0.102606732855,0.049404979945,0.0,-1.24790522231,1.21741197274,4.66160976631,0.0723773658478,-0.0421896770024,0.0,456.76069167384105,457.6472050522627,455.73489368840177,459.80407538058205
3.1800000000000024,-1.3527937683,0.860040986761,19.1252271739,0.10795870948,0.0467972766363,0.0,-1.27476132398,1.27111845073,4.59367731008,0.110631900972,-0.046134717973,0.0,405.74403764072383,405.38839366271725,402.90623075654764,406.35748274016856
3.2400000000000024,-1.4302871021,0.938547193582,19.4038391963,0.114484752864,0.0438526983869,0.0,-1.30805452683,1.34636672425,4.69287066889,0.104753862424,-0.0557234830302,0.0,460.36196960033453,459.60109978382854,458.5824261258971,458.1252379811461
3.3000000000000025,-1.50972859602,1.02172084588,19.6885714293,0.120729062152,0.0418855960189,0.0,-1.33973689303,1.42666292207,4.7976421047,0.102672803618,-0.00683435646073,0.0,459.9346394056422,463.7900578267685,462.10899292766936,461.95388446741407
3.3600000000000025,-1.59097269938,1.1096382276,19.9779337153,0.126846500695,0.0414338143497,0.0,-1.3683598361,1.50444891394,4.84741776236,0.100487718786,-0.00895799012266,0.0,445.00108547536126,444.8273053087546,447.26247631249754,447.0933932068278
3.4200000000000026,-1.67416711466,1.2030756565,20.2760134386,0.132696130209,0.0407124826947,0.0,-1.40467627385,1.61069820321,5.08733574625,0.0907151608985,-0.0189890795359,0.0,503.6465758547956,502.92059813017323,503.7889365779561,503.0886366389799
3.4800000000000026,-1.75913520108,1.30175301674,20.5789913947,0.138364266255,0.0398548991529,0.0,-1.42754363755,1.67899024597,5.01215492473,0.101076626723,-0.00625309145511,0.0,407.12465124686014,408.26287865702665,408.09515072601783,409.0275194417111
3.5400000000000027,-1.84572995718,1.40553223324,20.8839938391,0.144530502489,0.0394456452498,0.0,-1.45888898125,1.78085536419,5.15376409759,0.105957385037,-0.00798144948868,0.0,476.67854885270003,476.54654707223216,477.26428928490213,477.64507209194204
3.6000000000000028,-1.93416767519,1.515441233,21.1966946197,0.150651125975,0.0389758663191,0.0,-1.48897323728,1.88331485661,5.26886328476,0.0926472359065,-0.00752775434122,0.0,471.4829603863676,471.51813679359316,470.58111206825515,469.55784141133455
3.660000000000003,-2.02415492787,1.63065583178,21.5099752485,0.156636506442,0.0383687338009,0.0,-1.51059142866,1.95762798971,5.17412721193,0.111120835905,-0.0158828255764,0.0,405.3036271719807,404.5519659637283,402.8526253879258,404.52942828983277
3.720000000000003,-2.11564765175,1.75130239671,21.8231299672,0.16310207026,0.0376833035916,0.0,-1.5390782629,2.06447456958,5.26372874207,0.100015077134,-0.00373556252111,0.0,462.7835030916087,463.73892648897,465.14854217174314,464.2874752572718
3.780000000000003,-2.20882887092,1.87843079619,22.141322594,0.168799556436,0.037643337475,0.0,-1.56694388985,2.1736067941,5.34210175527,0.082211603177,0.00485789887555,0.0,462.78180422123705,463.45785304563634,461.2743950667344,459.87326732577657
3.840000000000003,-2.30359945375,2.01182552294,22.4619493085,0.174023842471,0.0379635670274,0.0,-1.59210968356,2.27327250312,5.3452478224,0.0953472708867,0.00627889640681,0.0,438.74672294690214,438.8646141358661,439.2806246714452,440.3750261007592
3.900000000000003,-2.39983222555,2.15102950928,22.7812865021,0.179883289232,0.0386642575817,0.0,-1.61571013615,2.36730717893,5.29934354033,0.101914934999,0.0207351365521,0.0,422.8596581227428,424.10330056221875,423.4305791079286,424.0039723198604
3.960000000000003,-2.49769633336,2.29688415736,23.1028784849,0.185924811789,0.0402326000092,0.0,-1.64655786067,2.49497443611,5.41951765089,0.0981288187462,0.0352016131968,0.0,475.58023621431124,476.6872659271174,476.51971754211934,476.23816679981917
4.020000000000002,-2.59732459497,2.44994337025,23.4286194796,0.191670231133,0.0425795784481,0.0,-1.67458524827,2.60742905295,5.43815387166,0.0905368510546,0.0459764212902,0.0,447.30007026034457,448.17758666312056,445.84154841930905,445.22847000097846
4.080000000000001,-2.69873625046,2.61008849643,23.7567101218,0.19762494125,0.0451947661007,0.0,-1.70605103562,2.73114768805,5.49760208024,0.112595514168,0.0383194473681,0.0,459.7645105805339,459.15832703954567,460.2336109477451,461.9844026562066
4.14,-2.80233490275,2.77883535,24.0936458221,0.204286116734,0.0469557793027,0.0,-1.74744764296,2.89422291091,5.73196984244,0.107668345296,-0.00240735549307,0.0,514.3659345369718,511.473239913971,513.2827001184027,512.9419491614786
4.199999999999998,-2.9081314356,2.95612633819,24.4379236967,0.210538074402,0.0466622981766,0.0,-1.77908961074,3.01593752978,5.74359525794,0.0961648000793,-0.010390731547,0.0,450.0509070395621,449.4042178276125,450.34888235118717,449.4265060632941
4.259999999999997,-3.01568136556,3.14018005078,24.7799002881,0.216476938489,0.0457406833405,0.0,-1.80588547262,3.11962584345,5.65583657451,0.104086486802,-0.0278343074127,0.0,418.3874095580536,416.8655862631548,417.3261750920431,418.0263018631546
4.319999999999996,-3.12515746967,3.33210251302,25.1236909962,0.222538404265,0.0445856087642,0.0,-1.84314055092,3.27817474589,5.80270770159,0.0940694632418,-0.00604335284278,0.0,489.8654517378319,491.48350362662364,492.73062144186923,491.99708056882315
4.379999999999995,-3.236711366,3.53295635356,25.4731888325,0.228060331337,0.0444659191785,0.0,-1.87529754519,3.41730054713,5.84664639076,0.0876131723327,0.00507299964372,0.0,462.3073182720294,463.182619161248,462.9914390290846,462.4898356398144
4.439999999999993,-3.35007760913,3.74163301341,25.8226685522,0.233539298639,0.044739556792,0.0,-1.90361869492,3.53895054904,5.80260996927,0.0978447451307,0.00351561445888,0.0,435.47390488332684,435.3434963651485,435.56256571241585,436.42475052508615
4.499999999999992,-3.46513844533,3.95761957291,26.1692165903,0.239501276909,0.045057208113,0.0,-1.93178399201,3.66100578553,5.74895311675,0.102245694477,0.00863324424705,0.0,432.09645079227244,432.52768378098057,432.8539485364363,433.2330130681776
4.559999999999991,-3.58203471195,4.18172518559,26.5154418161,0.245588382465,0.0450510026168,0.0,-1.96478816445,3.80954388527,5.79125592834,0.0998160012297,-0.0300431733118,0.0,464.5351083446249,461.49163897020173,464.64305810096425,464.46091222057686
4.6199999999999894,-3.70092876507,4.41496149596,26.8646607822,0.251195068144,0.043219827236,0.0,-1.99816813999,3.96532180478,5.84867328935,0.0759785277649,-0.0314896920179,0.0,470.45769897402903,470.34540887561786,470.0402312119965,468.195501519983
4.679999999999988,-3.82162352762,4.65663601968,27.2134474517,0.255804872811,0.0414425412086,0.0,-2.02488098919,4.09078843057,5.77765715743,0.0784800436595,-0.0261253351676,0.0,429.46771339107636,429.9222845119652,429.6911310128941,429.9080875578738
4.739999999999987,-3.9440055344,4.90654627826,27.5604636021,0.260110922435,0.039514843886,0.0,-2.05437595793,4.23976437032,5.78914743671,0.0528974966069,-0.0481873232991,0.0,458.11934379177166,456.3608685644995,456.9765832803504,454.9359164274355
4.799999999999986,-4.06823346739,5.16617190036,27.9108841217,0.263368508817,0.037071729524,0.0,-2.08627493394,4.41440319819,5.89064376922,0.056946661822,-0.0288883231284,0.0,484.6623441516045,486.1101967282288,484.8129517824863,485.1188468180805
4.859999999999984,-4.19416713579,5.43514075717,28.2630256018,0.266618829236,0.0353545167363,0.0,-2.11139742725,4.55136610359,5.8473720385,0.0479506048775,-0.0280893977127,0.0,440.82408527864726,440.8898815681515,442.6166168487226,441.8773844200929
4.919999999999983,-4.32155140309,5.71210123147,28.6116475399,0.269747457849,0.0335443278578,0.0,-2.13464153069,4.68079199523,5.77352339216,0.0594293815932,-0.034693299308,0.0,431.77669182838036,431.2187098290435,430.8082508612163,431.7798356793115
4.979999999999982,-4.45037833778,5.99742499284,28.9579089803,0.273727090583,0.0322163714188,0.0,-2.15946211969,4.83012019427,5.7682278922,0.0774198826907,-0.00457365075026,0.0,451.3544286446674,453.77920952632866,454.0692438579168,455.5136475898361
5.0399999999999805,-4.58071194512,6.29201948237,29.3047861112,0.278563292985,0.0319574327789,0.0,-2.18496934253,4.98985337999,5.79378247393,0.0863083174924,-0.00380452966758,0.0,464.0793610861389,464.1398240463864,463.9563932534428,464.65880270094294
